226603
300217
300240
300653
300716
300768
300819
300827
300996
301055
301111
301121
301188
301229
301796
301941
305190
305662
306134
306987
307079
307280
311071
312034
312059
312423
312588
313828
314198
314523
314533
314538
314586
314596
314597
314611
314619
315006
315216
315740
315744
315821
315845
316190
316220
316223
316638
316641
316737
316750
316972
317013
317104
317131
317135
317186
317378
317420
317426
317536
317638
317792
317849
317867
317899
317978
317993
318019
318105
318108
318165
318179
318180
318210
318561
318844
318983
319545
319551
319607
319709
319714
319730
319803
319982
320019
320056
320066
320071
320074
320076
320147
320578
321382
321388
321766
322283
322284
322285
322286
322287
322288
322289
322290
322291
322292
322293
322294
322295
322296
322297
322298
322299
322300
322301
322302
322303
322304
322305
322306
322307
322308
322310
322311
322312
322313
322315
322316
