CARPETA
C:\operativos\26-04-21

225815
300119
300129
300154
300158
300238
300259
300271
300301
300341
300610
300619
300642
300673
300676
300689
300760
300809
300810
300858
300907
301060
301099
301101
301129
301145
301176
301194
301208
301225
301298
301313
301695
302013
302522
304093
304740
306793
306796
306814
306821
306822
306839
306997
306999
307005
307026
307067
307350
309463
309889
309890
310631
311023
311033
311034
311382
311388
311392
311396
311419
311422
311438
311583
311934
311937
311946
311958
311960
312029
312032
312039
312041
312044
312051
312053
312058
312160
312184
312363
312364
312401
312407
312409
312417
312432
312438
312445
312542
312543
312546
312690
312714
312723
312739
312799
312822
312827
314028
314205
314519
314520
314534
314547
314554
314585
314588
314595
314600
314620
314937
314950
314952
314954
314957
315008
315013
315032
315743
315750
315754
315760
315765
315773
315781
315782
315788
315797
315799
315823
315834
315838
315843
316185
316187
316191
316195
316197
316198
316199
316207
316236
316238
316255
316256
316463
316680
316735
316738
317049
317092
317098
317111
317114
317130
317145
317151
317156
317159
317163
317167
317189
317370
317429
317442
317444
317639
317869
317881
317882
317888
317889
317890
317892
317898
317900
317943
317974
317980
317984
318003
318010
318011
318012
318016
318020
318075
318120
318121
318126
318174
318194
318834
318840
318841
318843
318847
319480
319518
319552
319554
319558
319568
319582
319584
319589
319590
319606
319610
319612
319656
319697
319700
319702
319703
319712
319713
319717
319724
319725
319726
319727
319737
319738
319740
319741
319745
319749
319750
319752
319753
319757
319758
319760
319764
319766
319962
319963
320016
320035
320042
320044
320046
320060
320061
320062
320067
320068
320387
320562
320566
320570
320593
320599
320609
321354
321372
321402
321968
321971
321972
321973
321981
321982
321984
321985
321986
321987
321990
321992
321993
321996
321997
322000
322001
322003
322005
322006
322007
322011
322012
322017
322020
322021
322023
322024
322025
322028
322031
322033
322034
322035
322038
322039
322043
322044
322047
322048
322049
322050
322051
322056
322058
322059
322061
322062
322064
322069
322071
322077
322081
322082
322087
322088
322090
322096
322097
322098
322099
322101
322103
322104
