C:\operativos\27-04-21

22615
101264
101304
101342
101480
101593
101690
101817
201406
201570
201910
226729
226760
300136
300190
300210
300242
300292
300296
300320
300322
300339
300368
300624
300625
300638
300688
300732
300733
300758
300786
300803
300853
300883
300884
300896
300928
300990
301000
301001
301002
301012
301028
301086
301110
301150
301178
301180
301193
301204
301209
301231
301242
301245
301256
301268
301283
301301
301307
301309
301357
301669
301863
301944
302083
303094
303663
304368
304771
304772
305011
305016
305051
305156
305330
305458
306133
306527
306698
306770
306800
306801
306815
306818
306829
306962
307009
307033
307038
307068
307073
307260
307276
307284
307679
308151
308243
308290
309477
309619
309643
309888
310998
311002
311003
311009
311028
311036
311042
311043
311069
311376
311391
311411
311424
311940
311942
311943
312061
312063
312066
312136
312158
312176
312183
312365
312404
312428
312429
312441
312576
312577
312590
312637
312673
312683
312736
312740
312744
312795
312804
312805
312831
313322
313720
313873
314083
314197
314211
314221
314311
314525
314526
314527
314536
314537
314553
314563
314565
314566
314576
314582
314584
314591
314602
314924
314932
314938
314939
314940
314941
314948
314949
314951
314953
314967
314975
315022
315023
315026
315207
315562
315654
315746
315748
315755
315756
315763
315787
315810
315824
315829
315836
315844
315855
315918
315953
315956
316178
316200
316201
316213
316217
316227
316230
316234
316239
316242
316258
316259
316261
316263
316274
316292
316644
316677
316686
316696
316726
316739
316742
316748
317015
317091
317099
317116
317120
317121
317154
317173
317354
317384
317393
317395
317407
317414
317418
317433
317499
317613
317829
317853
317865
317870
317894
317916
317949
317976
317989
317997
317999
318006
318018
318103
318116
318118
318133
318134
318137
318138
318150
318158
318161
318162
318164
318175
318177
318184
318206
318836
318837
319555
319556
319564
319565
319570
319573
319576
319581
319587
319593
319598
319602
319609
319642
319655
319715
319718
319722
319739
319742
319939
319948
319964
319966
319969
319970
319972
319975
320022
320023
320030
320047
320052
320064
320384
320390
320484
320564
320565
320577
320586
320591
320603
320604
320607
321360
321368
321401
321427
321580
321642
321762
321763
321764
321767
321768
321769
321781
321819
321820
321821
321823
321827
321829
321874
321875
321964
321965
321966
321967
321969
321970
321974
321975
321976
321977
321978
321979
321980
321983
321988
321989
321991
321994
321995
321998
321999
322002
322004
322008
322009
322010
322013
322014
322015
322016
322019
322022
322026
322027
322029
322030
322032
322036
322037
322040
322041
322042
322045
322046
322052
322053
322054
322055
322057
322060
322063
322065
322066
322067
322068
322070
322072
322073
322074
322075
322076
322078
322079
322080
322083
322084
322085
322086
322089
322091
322092
322093
322094
322100
322102
//////////////--------
